9 10 12 18 19
8 10 15 23 41 46 49
6 18 19 24 30 38 45
9 12 24 31 40 44
12 30 32 41 44 45
8 10 24 31
2 13 49
14 15 18 29 35 44
1 5 33 38 39 42
0 3 13 17 18 24 34 40 48 49
0 1 5 11 19 31 36 37 38
10 16 25 34 37 42 48
0 3 4 16 20 23 24 35 36 48
6 9 16 17 24 25 28 29 30 38
7 15 17 18 35 37
1 7 14 27 30 34 37 40
11 12 13 39 42 44 49
9 13 14 21 25 26 32 34 36 39 45 46 47
0 2 7 9 14 20 27 29 38 44 45 46
0 2 10 20 24 32 41 47
12 18 19 23 25 28 30 39 42
17 29 31 34 42 46 49
35 40 47
1 12 20 37 40 41
2 3 5 9 12 13 19 33 45
11 13 17 20 33 35
17 28 37 47 49
15 18 29 31 32 33 43 46
13 20 26 30 37 45 46
7 13 18 21 27 30 38
2 4 13 15 20 28 29 34 39
3 5 10 21 27 37 45
4 17 19 27 44 48
8 24 25 27 34 46
9 11 15 17 21 30 33 40 41 46
7 12 14 22 25
10 12 17 37 46 47
10 11 14 15 23 26 28 31 36 40 43
2 8 10 13 18 29 44
8 16 17 20 30 45 46
3 9 15 22 23 34 37 48
1 4 19 23 34 46
8 11 16 20 21 45 47
27 37 46
3 4 7 16 18 32 38 45
2 4 17 18 24 28 31 39 42 44
1 17 18 21 27 28 33 34 36 39 41 43
17 19 22 26 36 42
9 11 12 32 40 49
1 6 9 16 21 26 48
